0 0.256395 0.356204 0.048016 0.209454
0 0.306653 0.359873 0.047468 0.210746
0 0.344042 0.363758 0.025535 0.213346
0 0.372476 0.363542 0.029519 0.212038
0 0.398284 0.353804 0.039845 0.268669
0 0.574273 0.328135 0.036152 0.297254
0 0.604831 0.331708 0.042545 0.291062
0 0.636389 0.333846 0.039745 0.278200
0 0.674937 0.330277 0.050132 0.261523
0 0.727666 0.315512 0.050132 0.244377
0 0.780845 0.498242 0.066929 0.214808
0 0.724931 0.554204 0.066513 0.242900
0 0.674158 0.563081 0.074084 0.238900
0 0.618923 0.567654 0.038348 0.248046
0 0.584410 0.564781 0.034994 0.252592
0 0.554448 0.564792 0.034994 0.261769
0 0.523171 0.552508 0.027561 0.240615
0 0.497584 0.560300 0.022432 0.239185
0 0.474987 0.563046 0.022090 0.237031
0 0.449792 0.567162 0.027610 0.230446
0 0.422526 0.574569 0.026923 0.237031
0 0.392153 0.580331 0.032442 0.238677
0 0.363679 0.580742 0.036242 0.216454
0 0.317931 0.578685 0.065610 0.217277
0 0.265642 0.571277 0.063194 0.213985
0 0.215769 0.535885 0.064919 0.212338
